-0.587726  5.105920
7.924885  3.145952
-2.785314  2.263386
0.214545  4.544092
7.376237  4.178282
1.830260  1.333009
-0.463671  -0.434091
1.497846  1.865898
2.869438  2.729087
3.734153  0.920258
6.617569  3.174432
4.734124  0.867547
6.464858  2.508444
4.328047  0.398100
2.659850  5.143729
6.794078  4.831731
0.754152  -2.615014
5.452645  2.250099
6.309884  3.941250
1.159746  0.532771
0.120332  3.094995
-0.078657  1.915757
0.217832  3.290522
-0.046650  5.703980
0.124188  2.125597
0.658128  2.899908
-0.504627  -0.626038
5.252639  2.351826
0.870286  3.376185
6.802706  4.485996
3.577140  0.605925
0.772947  1.784561
2.060902  6.510048
0.849004  2.128142
1.350870  0.534874
1.319384  -0.598120
0.452195  -1.560883
1.691377  1.642108
2.099569  0.687642
4.804957  0.925765
6.448054  3.209578
2.048470  1.217292
2.182812  1.915256
-0.408714  4.148772
2.913835  1.965937
0.484518  1.744268
5.838764  0.092359
1.899117  -0.404701
5.475891  3.838890
8.351664  3.596592
-0.265698  2.354657
0.142621  2.992146
8.297676  2.541600
5.746675  4.223669
3.704763  6.134595
2.980460  0.705085
8.966916  8.010335
-0.928778  5.292415
0.967793  2.291821
-2.785314  2.263386
6.339722  4.500638
-0.412945  4.209613
8.154604  4.494003
6.778700  4.565402
-0.074160  4.979207
1.678646  1.220482
-1.439802  4.171754
-0.988022  7.197451
-0.462557  1.988755
8.004318  2.973401
-4.428429  3.548934
1.207117  5.023415
2.573230  1.216291
1.828847  1.921873
1.238995  3.574403
-1.266960  4.274819
-3.359170  1.728466
4.703899  5.414417
0.416046  1.893237
-0.775417  1.631877
-0.397799  6.103799
5.621545  0.647206
-0.208696  5.603742
6.599702  1.133398
7.147641  4.082253
3.449118  9.343089
1.579865  4.132322
0.546260  0.673319
2.183831  2.333660
1.291053  1.163532
6.265302  -0.235570
0.933495  -2.024621
3.794401  2.065973
-0.432182  3.339594
5.197475  1.564136
7.015802  1.489100
6.103477  3.617613
5.197475  1.564136
8.414393  7.008968
-1.908538  3.818084
6.497897  6.129505
1.498045  3.979455
5.639365  3.151754
-1.115218  3.453332
5.399042  4.346369
1.897883  4.568497
0.068458  4.420869
2.503958  0.795292
0.335628  3.623661
6.295817  2.520152
0.262067  4.739570
3.196173  8.118716
6.451795  2.152965
1.106451  3.314278
0.154367  1.446987
1.269992  0.222205
5.833193  2.451071
0.931863  2.326931
0.315344  2.096195
6.936344  4.860221
4.251788  2.252990
1.539428  5.605520
7.106139  2.604220
-1.704459  2.723216
-0.850528  1.462231
7.095345  3.475187
-1.687987  1.266763
7.960794  4.958146
0.851009  1.363018
1.625901  1.096325
0.697261  1.434018
1.169087  6.706652
1.856533  3.136460
4.376443  3.562788
4.370990  2.751370
0.194745  5.125948
-1.147284  3.796648
1.508309  2.449713
5.690067  4.317031
1.640949  2.417388
2.784373  2.377166
2.963157  2.486543
4.036145  0.115364
5.719472  1.712910
4.303751  1.482849
2.794003  6.719024
1.087050  0.441855
7.854744  3.733263
6.427631  3.134375
0.067200  -0.948219
5.793821  2.745326
5.780289  3.273315
0.256149  3.642006
2.135283  2.782113
3.403990  3.235266
-0.078158  5.034080
2.212685  1.948296
6.878245  3.977692
1.292869  3.061406
-0.008852  3.098168
3.346099  3.180273
5.787057  2.222846
1.508309  2.449713
4.251788  2.252990
1.666394  -1.212884
7.037339  0.627232
0.343572  -0.472143
1.006776  2.308635
2.487780  -0.585958
1.861843  3.549485
7.525786  1.794607
6.649476  5.828667
3.228399  -0.604832
0.860508  2.430310
0.343572  -0.472143
2.464989  1.642559
1.263650  6.137331
5.916159  4.805967
2.268563  1.842594
3.196173  8.118716
1.252617  4.109027
-1.666530  3.846694
0.681196  6.291833
0.154367  1.446987
1.910687  6.965614
-1.089088  2.058760
0.489999  -0.365320
2.135283  2.782113
6.824414  3.244523
-0.051534  4.736680
7.043450  2.149957
6.114297  3.019538
2.863570  -0.366902
0.822417  4.589995
6.938688  2.569879
5.470386  2.443698
0.477590  5.031552
6.636567  3.364815
-0.278466  -1.490799
1.129302  1.728445
3.479852  1.949266
4.878191  0.155224
2.474060  0.572691
1.416320  2.325526
0.296637  -1.567228
6.441188  1.178659
6.385314  2.928967
1.231512  0.239842
3.473819  0.188113
3.476193  2.994855
2.961618  2.686550
6.358607  2.806573
4.117741  2.664512
5.040122  3.915122
0.082240  0.645760
1.295119  2.752593
5.075618  1.667338
3.302192  3.599654
2.096884  -0.864804
4.382298  1.286786
1.117980  1.655349
-2.036515  3.370298
2.879372  2.076043
-0.658228  4.630629
0.548558  0.858642
6.461026  3.466392
-0.608722  6.007518
-0.925694  3.816695
1.109375  4.141307
0.135584  2.433663
1.567645  1.790116
0.275434  4.596910
2.356320  0.865603
9.013886  5.024261
6.664497  2.468218
7.667854  5.167400
3.755545  2.122576
-0.208633  5.139700
6.824414  3.244523
0.323234  2.988138
5.454829  4.598131
-0.074843  2.754983
5.241457  4.345001
5.727727  2.710831
1.231512  0.239842
0.241922  1.656301
0.532064  4.524228
7.877218  6.018451
2.760063  0.548465
5.670392  1.454058
7.309456  0.282869
6.693949  2.782470
1.250749  2.024071
2.216003  2.739070
1.418512  2.482181
1.314174  -0.643849
1.732689  4.132213
4.917514  0.568594
-1.733233  -2.143009
0.505710  5.921483
6.662265  4.462475
2.567281  2.122892
6.802706  4.485996
-0.136734  4.974800
-0.326680  5.110793
2.299919  6.626587
0.507447  3.177068
1.158314  5.657490
8.191103  5.634299
-0.607953  3.493270
-1.270085  2.695620
4.511058  4.241549
7.252609  5.678622
-1.147284  3.796648
3.018527  3.369185
5.758014  1.997006
2.592174  7.147385
0.797546  2.968094
-2.517182  4.089901
3.162360  2.134721
1.544381  2.195478
3.281684  4.944060
1.743399  1.714061
4.833823  0.471299
-0.392455  5.812951
-0.704758  3.747423
-0.074843  2.754983
0.032928  4.680421
0.447576  3.514923
7.877218  6.018451
3.436097  1.750552
6.693836  2.257205
4.592535  1.943170
0.133053  -1.857510
-0.860697  2.058793
-0.686465  4.782420
1.345056  5.726684
2.237321  -1.291062
6.274357  1.882669
-0.641104  2.492213
2.993108  1.924037
3.790749  1.506554
-1.782549  4.988184
4.273344  2.372370
0.200674  3.448532
-0.232167  2.162525
1.815449  6.180295
4.426165  3.588789
0.303593  4.389655
-0.272018  2.568404
-0.330909  5.036735
0.667157  -0.047817
1.437006  2.345235
1.360099  1.434722
4.275392  1.755079
1.843390  8.562257
0.070080  3.950422
5.539513  -0.765552
6.435320  5.829699
5.040122  3.915122
8.351664  3.596592
6.818156  2.248870
3.224947  5.337211
0.754152  -2.615014
4.635396  2.832221
4.280407  2.394337
8.634470  5.530706
1.352025  1.528151
8.760535  5.666060
7.056149  0.422149
7.877218  6.018451
7.118455  4.656720
2.462405  1.790037
6.308987  4.171874
2.082878  -0.529244
-0.388662  4.317992
0.293719  4.502331
3.257812  0.857674
1.431867  -0.865882
0.237210  4.864775
0.088743  5.591149
4.455205  1.724723
0.974001  2.474370
0.772542  2.658705
6.664497  2.468218
-0.820012  3.879875
3.814919  1.976121
6.114297  3.019538
5.540015  2.971764
6.349037  2.034797
1.698713  2.287569
1.579865  4.132322
7.582284  3.338423
7.095345  3.475187
1.353655  1.676959
6.866582  4.566378
0.721313  4.770679
0.573236  5.016225
6.500761  4.226359
3.755545  2.122576
1.776691  5.626925
1.823204  6.602807
-0.303091  6.090323
6.930144  3.358756
-0.345966  1.212533
1.173416  8.802180
-0.714524  -1.383505
5.132930  3.736403
8.252667  4.670785
-2.192198  2.783206
5.937526  4.020474
-0.335026  3.669277
5.747300  3.873192
-0.188556  4.907324
-0.410559  1.184480
1.969121  0.490804
-1.442185  4.210956
1.129302  1.728445
-2.994900  2.382443
-0.094929  2.440881
0.092553  6.164750
1.411932  0.139698
1.634648  5.902096
7.912787  4.339296
0.755317  4.666114
2.273383  0.659717
6.946186  5.299454
2.006021  4.046025
2.503958  0.795292
0.645033  7.761078
5.315236  3.131296
0.207681  3.769011
1.681673  2.320015
8.985247  7.460273
4.716087  3.442182
3.411031  6.205658
-0.339972  3.096206
1.462608  0.215624
-1.615927  1.661276
-1.799951  4.453394
4.783888  4.514343
4.451599  2.843391
-0.183039  5.079482
5.899963  2.988181
2.551799  1.582504
2.405427  0.184845
4.174766  0.455532
2.849898  3.171274
2.687777  4.314260
7.831497  4.583428
4.541716  1.847404
4.735156  1.287983
3.257812  0.857674
0.672233  3.831354
0.813595  4.289877
4.849979  4.629000
2.672964  3.482421
3.655719  5.063100
1.506256  1.637400
1.109375  4.141307
7.031331  4.238839
1.252617  4.109027
5.386218  3.528857
-3.112949  0.698169
1.099175  2.348033
0.086698  3.132629
-2.651682  6.109549
2.546075  1.569648
-0.978663  1.253824
1.386899  0.796783
1.234290  0.654833
6.761582  6.035612
3.224947  5.337211
5.230608  2.636145
0.135584  2.433663
4.873753  4.570656
0.189633  6.354534
3.278158  1.213893
4.840797  2.594164
4.259228  2.101428
-0.328633  4.721128
0.967793  2.291821
7.007726  4.018142
1.808325  0.116895
-1.596312  2.542161
-0.016629  4.755715
2.071416  0.403348
1.928685  4.669372
0.949859  1.330474
-0.750756  5.832092
7.099892  4.790369
-1.083587  3.204382
3.613663  5.361318
4.707119  2.302614
2.327455  2.384753
1.230936  5.486227
5.506588  3.696896
-0.170166  5.001568
1.148364  5.105402
9.069347  3.984809
0.472925  5.269422
-0.053086  2.802753
4.183942  1.231123
4.666103  4.505532
1.090236  0.326896
0.044877  6.794857
1.823519  -0.700171
6.439103  3.254210
3.471042  2.427904
1.962636  1.395595
7.491502  3.012334
6.681028  0.513579
5.982917  1.367848
5.381835  4.986414
-0.519164  4.296751
1.615607  1.418241
5.271320  4.201465
7.226942  3.685787
8.966916  8.010335
-1.053808  4.185142
-0.891764  4.423469
-1.192250  4.983323
2.774361  2.324084
-0.078158  5.034080
-0.652063  4.951991
3.679062  4.283385
-2.181831  4.405793
2.204483  -1.240114
-1.936481  2.420887
-1.555346  0.396620
1.892478  -0.167996
2.388428  7.241260
6.946186  5.299454
2.242097  -1.086758
5.828582  1.836163
2.446201  3.012116
3.488758  4.166767
-1.326610  2.515240
8.252667  4.670785
-0.218252  4.393496
0.256149  3.642006
7.455410  3.111009
6.761582  6.035612
6.339369  2.017702
-0.236527  1.811807
-1.453347  3.270306
3.225603  1.011015
-2.212240  4.212136
6.641697  4.374043
2.734876  4.494827
2.908718  5.837980
0.120332  3.094995
7.270563  4.208061
2.464989  1.642559
0.301106  -1.293254
2.515347  1.984789
-0.217092  1.958662
-2.161208  -1.519788
1.019815  -3.376488
2.266490  1.416019
2.452877  4.616546
6.264211  4.188622
2.058026  4.267877
8.228262  4.420575
2.781183  3.229016
-0.351181  4.218326
6.103477  3.617613
7.312502  3.847979
4.427652  0.903409
1.386899  0.796783
1.051734  5.505536
0.777341  5.077547
4.573478  3.002707
1.670391  3.652026
3.354210  1.969479
6.543445  2.171440
4.951949  4.031426
-1.571096  0.896648
-0.134346  2.839565
3.011284  1.365733
-0.014710  6.001914
3.228643  3.729110
-0.837871  5.338209
0.022379  0.455421
-1.161289  4.008554
4.586662  1.235001
8.143478  5.505088
-3.161084  2.445668
7.255681  3.247821
1.035738  0.537693
5.541400  2.237305
2.356320  0.865603
-0.769382  5.687058
3.490129  4.578517
-3.104024  0.185834
1.910459  2.421478
3.566785  2.991349
-0.397799  6.103799
0.146614  4.224210
7.226932  1.544842
4.111217  3.193522
3.090276  2.091760
4.476284  3.361263
1.099175  2.348033
4.625319  -0.550762
5.131126  -0.610142
5.536277  1.055273
-0.014710  6.001914
0.781032  5.516013
0.681196  6.291833
3.983739  2.022117
-0.006527  5.603912
5.828582  1.836163
0.067200  -0.948219
1.936857  0.797178
-2.517182  4.089901
-1.006387  4.187508
3.811601  1.190174
3.299847  2.608505
6.547725  0.637548
-1.165344  -1.525830
5.787057  2.222846
1.436263  1.086606
4.704446  2.795196
0.533753  0.806493
5.110584  2.307845
0.365754  6.215981
6.261688  3.151662
5.785813  1.290583
8.143478  5.505088
1.078967  -1.435515
0.735259  1.048515
0.381031  5.100570
6.282766  3.112631
0.717032  3.099431
-1.321993  3.731638
6.161988  1.876454
3.957739  1.980206
8.835385  5.784066
0.416854  3.719965
3.228399  -0.604832
3.637757  1.484597
7.268276  2.346627
0.767733  6.006661
1.058784  3.618513
5.605175  2.169984
0.849004  2.128142
2.623858  1.903801
0.088743  5.591149
6.295712  2.255023
7.265297  2.970147
3.490129  4.578517
-0.882178  4.733630
2.026641  -1.446605
6.385314  2.928967
1.384137  5.657242
0.813974  0.807714
1.697173  1.853989
5.975257  4.895036
0.245275  5.560409
7.254508  3.918622
2.849898  3.171274
0.071098  4.310179
0.105777  3.729758
0.681750  3.160161
1.882645  3.917702
1.619948  2.908042
1.285153  0.252593
-0.890317  2.934009
0.549120  2.622543
0.135584  2.433663
3.479852  1.949266
4.622057  -0.050014
7.579212  4.647928
0.417297  0.388092
1.225830  3.322357
1.755322  6.474635
-0.184344  1.549765
2.053663  3.963706
2.113405  4.660044
2.869438  2.729087
1.911964  0.149017
2.098216  2.957330
5.793821  2.745326
-1.434448  3.043623
0.200674  3.448532
5.622489  4.816373
5.300484  -1.515857
5.323241  1.065095
0.049500  3.430817
-1.187493  0.096787
-0.564866  7.074323
3.365640  1.393382
8.484715  5.136010
5.631344  3.608841
0.857355  4.360707
0.655016  1.424266
0.323234  2.988138
2.464956  -2.166228
5.774803  4.157280
1.245170  3.780199
2.664133  2.639310
1.058327  1.191241
1.272901  6.028310
1.437006  2.345235
1.744125  1.888396
5.513294  2.256773
3.919673  0.548688
-0.179664  4.485218
2.463380  6.211777
2.849325  2.142628
-0.553570  4.610747
5.859442  5.072389
3.476193  2.994855
3.142788  3.346563
6.008479  -0.164522
3.711143  2.864117
9.411839  6.903796
0.681750  3.160161
3.257812  0.857674
6.442157  1.899162
5.543636  3.343267
6.824414  3.244523
4.861072  4.210315
-0.363439  -0.683160
3.434488  3.203976
7.264725  5.426630
1.892478  -0.167996
3.334046  0.280925
0.823669  1.288863
3.719862  0.436929
-1.615927  1.661276
6.577892  2.909520
6.307449  4.922836
1.661138  9.851628
4.275392  1.755079
6.129163  4.640038
0.032773  2.797732
5.042846  2.062889
8.337951  0.392389
0.160819  0.375233
1.947363  3.064536
1.548668  4.710198
0.194745  5.125948
1.262114  0.690449
2.182812  1.915256
1.634648  5.902096
5.837672  2.253019
-0.046650  5.703980
0.333042  3.331527
0.610216  3.719067
1.776691  5.626925
1.618158  4.607459
0.681196  6.291833
0.032928  4.680421
1.248933  3.539837
0.482817  6.342775
7.960794  4.958146
0.988363  5.894776
5.560683  1.987884
0.160819  0.375233
1.831356  0.899568
5.323241  1.065095
0.918080  -1.171122
-0.860301  3.549439
3.361067  1.741086
4.724736  3.806891
-0.544103  5.119129
1.660874  3.298393
5.818769  3.756635
2.760063  0.548465
1.666394  -1.212884
-1.046268  2.419641
1.399391  0.271654
4.619422  4.747131
7.272761  5.161405
2.551799  1.582504
4.768452  1.141237
0.993807  2.780754
6.773884  0.730262
0.229372  0.220423
8.879262  5.543765
0.894698  7.646010
0.733512  4.947178
2.966472  1.496362
-3.161084  2.445668
4.837417  0.865028
3.831231  3.612689
1.601336  1.628496
2.571900  3.898212
1.207117  5.023415
1.833364  2.528524
8.101199  5.500812
1.231512  0.239842
0.903603  0.253672
1.157369  6.736397
1.418512  2.482181
5.108327  1.890242
-3.058824  -0.881282
-1.913971  3.792156
6.497897  6.129505
2.712203  2.412816
-0.024844  4.036027
1.238995  3.574403
-1.061371  0.335839
-0.766192  1.238780
0.289986  0.339826
5.075618  1.667338
3.711143  2.864117
0.200520  3.513363
0.515679  1.553507
1.667661  -0.742932
0.450791  3.574023
-0.905017  -0.129436
-1.200608  4.550799
0.894698  7.646010
2.501417  2.598944
0.440719  3.483644
0.757063  3.765550
5.726615  2.196161
1.288384  0.949671
0.640445  0.949051
6.226365  1.835390
6.181925  4.130117
-0.339972  3.096206
0.988363  5.894776
2.018116  -1.032356
-0.981928  3.304139
-1.615927  1.661276
3.090276  2.091760
-1.187493  0.096787
0.083647  3.792686
5.624088  2.365763
2.048470  1.217292
4.511058  4.241549
1.457443  7.323535
1.667661  -0.742932
2.281017  5.157738
4.360883  1.501693
3.015697  3.795070
1.314174  -0.643849
5.540174  2.332536
-1.192250  4.983323
1.791836  3.550987
1.870566  5.578267
2.615151  2.666699
-0.020780  4.276285
5.454220  0.078424
-3.062011  1.902533
1.666685  -0.502662
2.204483  -1.240114
1.823428  0.485355
1.074748  4.548189
-1.881319  3.257163
0.022379  0.455421
0.894977  5.671189
0.157589  2.416873
1.386899  0.796783
4.161782  2.680983
1.677475  5.363954
2.087230  1.035601
5.955086  0.803365
2.014937  3.703441
1.861843  3.549485
1.634648  5.902096
5.414921  4.994841
4.086610  3.866827
7.077036  4.333739
-0.233263  4.527384
-1.908538  3.818084
3.197336  1.971894
4.539153  1.835499
3.422686  2.412819
5.584331  1.372256
1.422934  4.187960
-1.434448  3.043623
-2.729258  2.800441
-0.294532  2.859808
7.262666  3.826080
7.259438  5.481927
5.986261  2.692845
3.794401  2.065973
2.220296  4.808901
5.674533  2.185978
0.137308  3.000970
1.747697  5.110580
0.719729  6.505862
-0.268266  0.357736
-0.107905  5.986806
-0.643094  1.880895
8.097645  4.642268
5.406925  4.709107
-0.905017  -0.129436
7.043450  2.149957
6.969810  6.949708
6.213099  2.884677
2.197919  3.509055
6.761582  6.035612
-0.816516  2.706467
1.789723  5.537771
2.691535  1.161246
4.473236  1.420445
-0.307844  4.444158
-3.058824  -0.881282
6.540596  2.490797
4.327429  4.099018
0.071378  2.120322
0.088743  5.591149
7.043918  2.341615
3.826845  3.812331
2.423785  1.730855
6.577892  2.909520
1.046263  4.687078
3.594106  3.208180
0.236997  0.214982
5.243303  4.145276
4.598965  4.226071
6.609497  2.627285
8.044926  3.518977
-1.773551  1.700265
-0.355150  4.535515
1.437006  2.345235
0.658128  2.899908
4.726937  0.304669
0.440719  3.483644
-0.714524  -1.383505
-0.162765  3.375835
6.895576  3.948635
-0.282411  3.250493
0.463403  3.243572
-1.339840  2.885983
1.899117  -0.404701
1.136218  1.376901
6.237802  3.246134
-0.294532  2.859808
3.939894  2.308346
1.640949  2.417388
1.969121  0.490804
0.275434  4.596910
2.466313  2.592286
-0.519164  4.296751
0.871125  4.510503
-1.290025  2.603194
0.407370  6.469930
3.061457  1.686890
1.469862  2.409698
0.281694  2.923603
7.667854  5.167400
1.139194  -0.309647
1.544381  2.195478
3.061457  1.686890
1.054972  2.081060
6.226365  1.835390
1.731315  -0.025078
0.049500  3.430817
8.456403  5.483163
2.753342  -0.428975
6.290965  1.509913
5.166566  6.707452
0.156800  4.961243
1.837472  5.335782
3.794401  2.065973
1.209358  2.764396
2.015337  -1.157017
6.127232  2.949477
5.606679  2.992037
1.837472  5.335782
1.905989  -0.223154
2.462405  1.790037
5.930603  4.858085
4.837136  3.203102
7.298146  3.911432
-2.651682  6.109549
3.734153  0.920258
3.052780  0.678898
2.299919  6.626587
0.795985  0.599083
-0.113155  2.910431
1.697173  1.853989
1.317874  1.363130
2.433799  2.106538
6.290965  1.509913
1.449987  1.331282
1.315381  -0.370860
5.452645  2.250099
0.421477  4.643305
-1.657076  4.256583
5.471364  3.683136
5.621740  3.282021
5.490178  5.156770
1.449401  -0.450243
2.834757  6.836422
3.281684  4.944060
3.173058  1.871430
0.634059  5.199960
7.376237  4.178282
6.519887  4.850080
7.194639  8.672904
3.104440  3.285159
0.860508  2.430310
7.507415  1.292209
2.753342  -0.428975
6.608192  1.108558
1.828847  1.921873
-1.401612  4.256624
-0.442073  -1.015534
2.946750  2.017290
-2.270237  3.462072
1.952209  6.102370
1.377521  3.942205
4.121369  1.435264
8.912068  4.494194
2.277315  0.159140
1.714805  2.217569
1.691377  1.642108
2.071630  -0.286321
1.013113  2.777646
0.174485  5.074279
-1.772136  6.154187
6.508517  1.780367
5.712147  2.921628
-0.305086  5.763935
1.319344  4.648612
0.082240  0.645760
5.399042  4.346369
1.169087  6.706652
2.725379  2.292324
0.363952  6.736026
0.845373  6.656349
-0.021605  4.124482
2.203629  3.405285
6.412271  4.201865
6.533080  4.060721
4.974001  2.163675
6.762745  4.749326
5.177783  2.901924
4.443040  4.555449
7.212621  3.224967
0.634059  5.199960
-1.686254  3.281213
1.828847  1.921873
1.285788  4.306161
2.277315  0.159140
1.608912  0.769916
1.552440  2.950225
3.429747  2.216284
1.118095  1.691880
-0.094929  2.440881
2.663936  1.870467
-2.882611  2.831019
0.643818  0.258766
-0.643094  1.880895
-1.401612  4.256624
0.681750  3.160161
0.188060  1.358399
5.765583  3.604995
1.922573  3.123348
7.015802  1.489100
7.147641  4.082253
5.243303  4.145276
-0.383632  3.449701
6.615558  3.522401
3.434488  3.203976
5.747300  3.873192
1.033093  4.521057
2.935323  1.409726
-3.422225  0.176845
3.892396  1.632541
-2.517182  4.089901
5.774801  1.399382
0.665958  5.157976
5.697067  2.651480
6.877679  2.209114
1.473941  5.428423
6.475194  1.719755
-1.972225  3.615399
6.295712  2.255023
1.732689  4.132213
-0.651346  0.129013
4.917514  0.568594
3.617807  3.049706
1.317874  1.363130
-0.130081  1.695960
1.080350  6.585450
2.060902  6.510048
1.691377  1.642108
-1.908538  3.818084
2.445300  2.501616
0.688148  3.540489
4.849979  4.629000
4.040917  4.173445
4.195677  0.413342
-2.730139  2.881261
0.033886  4.079091
2.813136  3.217035
-0.978051  3.900586
1.113721  2.191277
0.974001  2.474370
5.506588  3.696896
2.816475  4.199299
6.599702  1.133398
0.538712  4.501095
0.253444  5.086489
0.754152  -2.615014
-0.139364  4.454987
1.640949  2.417388
1.206311  -0.164042
4.891682  1.147714
3.379659  1.546283
-0.182143  4.541958
2.006640  1.281070
-1.053808  4.185142
1.015513  0.432426
6.675128  1.608067
-1.184667  2.000122
6.925054  4.694055
1.619948  2.908042
-1.858585  3.708344
2.120339  0.044271
2.467682  3.584322
0.236997  0.214982
-1.615927  1.661276
5.920936  4.016272
2.177306  2.718575
2.953323  0.099749
5.669902  2.854805
3.231444  1.673174
0.528421  1.111223
-0.783930  4.024931
6.319143  4.499910
10.954237  7.834125
0.406677  0.032268
2.280945  1.842586
7.194639  8.672904
0.505710  5.921483
-2.340597  0.616285
-0.820012  3.879875
-0.154028  -1.242692
-1.142837  3.954708
4.429830  3.447053
0.104313  2.365058
2.645290  -0.993019
1.843390  8.562257
5.367476  2.283686
9.533370  5.730283
0.911684  5.477694
6.643076  2.014350
6.702770  3.810965
5.319674  2.938494
5.750212  6.068094
8.879262  5.543765
-1.721090  2.485874
7.151360  4.281221
-0.658228  4.630629
4.573478  3.002707
-0.044938  -0.451158
2.766294  3.803886
-0.338375  3.922163
0.634059  5.199960
-1.660852  3.397061
6.374375  6.889639
7.106139  2.604220
-0.882178  4.733630
-1.510569  2.448187
0.440719  3.483644
6.287853  4.193312
-0.278466  -1.490799
-0.370364  -0.076080
5.311260  2.270707
1.619823  0.304634
2.120874  -0.105287
7.191844  3.625834
1.943016  1.705476
2.774361  2.324084
-0.476811  4.494027
7.056149  0.422149
4.117741  2.664512
-0.370364  -0.076080
7.634151  3.988496
7.270563  4.208061
-0.841015  2.118092
1.902296  7.270160
2.709106  2.843359
5.416853  0.766339
6.339898  4.889246
4.161782  2.680983
6.356195  1.734424
1.043394  4.879012
6.338468  2.184595
-0.208938  3.143622
6.533080  4.060721
5.564771  3.844542
-1.864883  3.107910
7.259438  5.481927
7.258744  3.653921
4.427652  0.903409
6.558437  5.559395
5.540015  2.971764
5.131126  -0.610142
4.032758  3.708795
5.315236  3.131296
0.186515  3.992921
7.710705  3.922318
1.789723  5.537771
4.182728  3.408551
0.300556  5.452400
0.200520  3.513363
1.747697  5.110580
1.262114  0.690449
-1.232419  1.157498
-0.016677  -0.651652
5.539513  -0.765552
3.206819  2.591382
3.621757  3.491141
0.160814  1.509531
4.251788  2.252990
0.681196  6.291833
5.041348  3.743238
-0.192172  3.376512
1.731315  -0.025078
0.515168  1.534641
2.740155  3.670527
2.010978  -0.049075
2.200321  2.612197
0.381383  5.827276
-2.090740  1.934015
-0.862844  1.881029
-0.978051  3.900586
4.183029  4.864411
1.193110  -1.189941
-0.014350  4.257018
1.622742  0.851393
0.303593  4.389655
0.059931  2.331430
1.544381  2.195478
3.617807  3.049706
1.732689  4.132213
8.618287  5.553931
0.936385  4.910974
0.923932  2.382074
-2.123568  2.702007
2.024752  1.585485
1.318337  4.929321
-0.339972  3.096206
3.257065  2.407255
-0.081481  3.876787
3.146373  1.001637
-1.431604  -0.135391
0.643674  5.522655
-0.051534  4.736680
-1.487369  2.338452
2.183831  2.333660
-0.535770  3.979121
4.183029  4.864411
5.439593  2.676278
1.001369  4.844002
0.681196  6.291833
-0.991273  2.701920
7.181539  3.197391
4.327170  2.634746
-0.504627  -0.626038
-1.147284  3.796648
3.846704  3.137425
-0.337368  4.605408
-0.218252  4.393496
0.834400  0.500144
3.293613  2.229795
1.238995  3.574403
4.397766  2.219204
-0.277751  3.321966
0.751029  3.364638
0.897208  -0.197252
-0.351891  1.793846
6.644419  4.167371
1.456269  5.681921
0.755317  4.666114
0.431598  3.346140
1.739360  3.627757
2.740155  3.670527
7.272761  5.161405
1.986571  3.002847
7.477722  2.036761
1.245170  3.780199
3.902289  4.118143
6.864851  5.231741
0.938650  4.671789
-0.442073  -1.015534
6.877679  2.209114
1.352025  1.528151
2.347132  5.075927
-1.904194  0.353132
4.125942  2.886663
0.489999  -0.365320
7.446208  3.167715
4.557968  3.644147
6.679528  4.026983
7.212621  3.224967
1.317912  -2.218909
7.398139  4.112743
4.121369  1.435264
1.117980  1.655349
2.999754  -2.086579
5.022069  3.964468
3.866305  1.723959
0.770365  3.285984
0.202720  -0.691116
0.491344  5.133870
-0.820012  3.879875
1.615607  1.418241
7.885576  5.576328
1.528411  0.031947
5.024140  0.650581
4.512237  1.135951
-0.134346  2.839565
7.630686  3.230543
-0.751261  4.469123
7.226932  1.544842
1.026222  2.100556
8.337951  0.392389
-1.442185  4.210956
-3.106817  2.987865
-0.266424  4.712107
6.615558  3.522401
5.452645  2.250099
0.019050  5.504984
0.903603  0.253672
6.070035  2.512227
-0.553570  4.610747
-0.642348  4.050767
0.794388  3.950585
5.720490  3.644939
7.701885  3.594290
7.464106  4.662926
8.835385  5.784066
5.876983  2.702744
6.059911  5.982510
5.594334  -0.499338
3.613663  5.361318
-0.890713  4.897747
3.031549  1.838608
0.194745  5.125948
7.062836  2.767240
1.041013  -0.965068
1.347670  -0.597225
0.835855  3.415561
2.177306  2.718575
-0.120377  4.781025
2.987154  0.671144
0.385764  4.205498
1.931150  0.838171
0.674147  2.758895
-0.463671  -0.434091
4.734124  0.867547
5.024140  0.650581
0.174485  5.074279
3.224762  2.011126
-2.168002  2.581212
1.612501  6.432990
6.762745  4.749326
4.455205  1.724723
1.112141  -1.351124
0.129722  0.083729
2.705765  0.885655
0.538712  4.501095
1.612501  6.432990
4.923942  2.448897
2.453634  4.072631
7.247577  4.610209
-0.266424  4.712107
0.530517  0.353825
-0.367781  5.085580
2.664133  2.639310
0.871125  4.510503
0.595963  3.680862
2.530009  9.087129
6.977596  2.562381
4.124844  3.724097
5.164359  -0.064441
1.962636  1.395595
-0.575734  3.530303
-0.233263  4.527384
-1.439802  4.171754
4.703899  5.414417
4.692695  4.482040
0.157589  2.416873
5.028377  1.353751
7.212621  3.224967
5.621545  0.647206
0.477639  0.950223
1.400836  -0.175785
-0.574276  4.068092
-0.268266  0.357736
-0.008852  3.098168
-2.362280  0.949901
3.594106  3.208180
7.226942  3.685787
-0.355150  4.535515
6.480436  3.530797
0.896512  6.254969
-0.359260  4.114409
5.640100  2.341518
6.265302  -0.235570
4.468060  4.123680
0.160819  0.375233
5.555773  0.991623
2.053663  3.963706
0.174253  1.734264
6.261688  3.151662
2.349430  2.092282
5.719495  3.829959
0.652244  5.158717
4.457719  3.398353
3.184213  4.683000
3.705567  -0.580140
0.736182  0.849174
-0.351181  4.218326
1.038565  4.271309
-1.165344  -1.525830
-0.504627  -0.626038
5.127463  2.485163
7.077036  4.333739
2.492199  -0.511634
4.512237  1.135951
7.422931  4.171552
5.774803  4.157280
3.566628  1.699110
7.477722  2.036761
2.618123  4.859253
1.823204  6.602807
1.206671  5.597372
6.449358  5.566310
0.129722  0.083729
-1.012874  2.588021
7.195808  6.892780
0.407370  6.469930
6.500761  4.226359
7.255681  3.247821
2.216003  2.739070
4.370990  2.751370
1.678570  6.416004
-0.792152  2.144421
4.156883  2.055337
5.543636  3.343267
5.937526  4.020474
2.524439  1.654708
8.180436  3.967531
-2.232676  2.649479
5.432920  3.369133
0.429281  4.488979
-0.020780  4.276285
-0.481617  2.005431
0.488662  2.863216
1.708128  0.993694
5.576099  3.619518
4.833823  0.471299
1.015513  0.432426
1.269209  1.249503
0.896543  6.434143
0.450558  5.343490
0.323234  2.988138
1.537194  3.803872
6.276135  3.569776
6.759363  6.575141
5.916159  4.805967
2.734876  4.494827
-1.062915  2.851331
-0.328869  1.210872
1.331821  4.383097
3.579742  0.055905
2.645290  -0.993019
4.356999  2.293131
0.906024  6.600464
-2.764540  3.205213
-1.165344  -1.525830
-0.002429  2.768479
7.877218  6.018451
-1.150344  3.151118
5.982917  1.367848
6.115962  3.558142
4.052409  -1.949054
1.492284  2.396338
6.946186  5.299454
2.995452  6.838280
3.150608  3.547498
3.579742  0.055905
1.002007  6.055042
0.478330  3.756033
0.854707  5.959969
0.048353  1.109925
1.443037  2.885521
-0.359260  4.114409
-0.351181  4.218326
1.173013  -0.213901
0.576783  4.262478
3.302192  3.599654
0.189633  6.354534
2.196527  -0.522595
-1.328403  2.627841
-1.622391  -0.167154
6.691704  3.796752
1.342180  5.660356
0.011362  -0.468635
-2.951268  2.871201
1.078967  -1.435515
0.643674  5.522655
3.257065  2.407255
1.194929  2.047451
6.864851  5.231741
2.328957  0.196372
-0.675241  4.796493
-0.105904  3.594922
5.452645  2.250099
1.173013  -0.213901
-0.278466  -1.490799
5.971364  1.818271
3.819260  0.097530
3.479852  1.949266
0.965990  -0.121872
0.721313  4.770679
2.953323  0.099749
0.826001  3.099058
7.494074  3.641747
0.526190  -1.769807
4.174766  0.455532
6.035333  2.380588
-0.542574  3.540279
0.220223  0.170201
-0.751934  3.778322
6.864851  5.231741
7.596397  2.369545
5.187987  1.931069
1.837468  1.486522
1.702710  2.361467
3.306530  4.232885
2.092668  1.274209
2.842445  1.403125
5.739579  2.692353
3.150608  3.547498
5.358833  2.523207
-0.860301  3.549439
1.772149  0.158236
2.174922  1.182033
1.755322  6.474635
5.991578  -0.627466
2.691432  0.823655
-0.355150  4.535515
5.218660  5.478598
1.673553  2.912095
1.552440  2.950225
-0.093735  6.387503
5.587899  1.290332
-0.242614  4.150840
1.808294  1.508029
1.661138  9.851628
2.879372  2.076043
3.090276  2.091760
0.122025  -0.301076
-0.204343  0.107512
4.362937  3.955579
5.360392  1.533880
8.532367  4.296506
2.250132  2.153182
-1.016700  4.916490
8.204037  3.832251
-0.442073  -1.015534
-0.389800  3.637458
5.899963  2.988181
1.869554  4.665665
4.327170  2.634746
3.529809  2.285205
6.172536  1.530944
4.007135  0.582392
1.548668  4.710198
-1.446281  5.550111
0.049500  3.430817
2.522511  0.271515
6.677075  0.969026
2.267785  0.471676
7.188891  3.467722
0.333042  3.331527
8.631882  2.570054
3.057849  3.322615
4.573338  4.585844
4.667132  -0.182171
3.857304  1.392796
1.068591  -0.215987
2.461265  3.207341
-0.005957  3.712967
0.440719  3.483644
5.513294  2.256773
7.093711  1.710119
7.241126  4.823752
4.598965  4.226071
0.300556  5.452400
-1.660852  3.397061
6.617569  3.174432
2.654179  2.022756
0.137308  3.000970
2.611569  3.416744
1.158834  -0.035064
6.978203  4.348474
2.573230  1.216291
-1.743193  2.844266
3.820568  2.303260
2.623858  1.903801
5.688045  1.622813
8.811174  5.509035
7.264278  3.119766
6.246091  0.457531
1.051734  5.505536
1.474572  0.765996
7.209685  3.769098
2.385477  1.407698
0.165483  -0.512805
3.294460  3.872586
1.457443  7.323535
6.991209  0.664681
0.991594  1.338986
0.978033  -0.065313
6.650110  5.015477
6.244195  3.281409
6.287853  4.193312
3.617807  3.049706
2.851303  5.724628
-0.105904  3.594922
5.318575  1.467388
6.116204  3.353217
1.033023  2.646468
1.489935  4.991441
-1.555346  0.396620
5.885338  3.826168
1.833026  2.142673
1.112141  -1.351124
2.921525  3.438720
4.943433  2.441415
7.024574  3.465567
0.962566  5.177989
2.644754  -0.789686
4.443040  4.555449
7.048046  6.289811
-0.584089  1.145891
7.449567  4.817107
1.263650  6.137331
7.664793  7.299693
5.587899  1.290332
10.954237  7.834125
-0.925488  6.151985
2.048470  1.217292
7.922695  3.626694
1.936857  0.797178
5.712147  2.921628
0.279769  3.483474
1.171366  6.702809
-1.908538  3.818084
-1.381572  0.695950
3.228399  -0.604832
-0.469370  5.253003
2.027259  2.967514
2.672964  3.482421
6.664497  2.468218
4.271885  4.164837
-2.953758  1.682609
7.646225  3.451438
-0.663068  2.828250
2.020282  -1.000217
3.217972  0.905706
5.088073  2.613968
3.410631  1.252526
4.427652  0.903409
0.604261  3.171414
7.100327  2.004253
0.609856  -1.646130
3.613663  5.361318
8.537426  3.605659
7.002095  5.587930
3.052780  0.678898
0.948459  6.998846
0.728120  -0.291397
6.448144  2.508622
-0.905017  -0.129436
9.411839  6.903796
9.411839  6.903796
2.513811  0.985911
0.381031  5.100570
0.772542  2.658705
-1.853601  2.919718
-0.905017  -0.129436
8.351664  3.596592
6.822892  5.092633
1.334441  6.882052
3.679062  4.283385
6.430237  5.407758
1.601336  1.628496
4.797845  1.067377
4.764310  -0.117473
5.396378  2.869074
5.387046  1.191159
2.041609  3.514528
1.805253  0.689021
1.506256  1.637400
2.467682  3.584322
0.068458  4.420869
4.573338  4.585844
1.004196  3.148621
6.892768  3.927748
0.289986  0.339826
0.771038  4.942071
5.982917  1.367848
0.928053  2.833400
6.475869  3.315898
2.048470  1.217292
-0.139364  4.454987
7.582284  3.338423
4.451686  2.705730
-0.563023  0.210799
2.181596  2.250743
2.120339  0.044271
6.423412  3.469251
7.924068  2.908666
0.107675  7.137169
1.274056  2.080466
6.533080  4.060721
1.910459  2.421478
0.146614  4.224210
-1.326610  2.515240
1.625901  1.096325
4.125942  2.886663
1.006776  2.308635
-0.551498  -1.208126
6.599702  1.133398
3.748538  2.309146
5.398846  3.496987
6.497897  6.129505
-0.114988  0.613424
0.965990  -0.121872
0.160819  0.375233
6.775562  4.639487
0.665958  5.157976
7.488760  3.345668
3.293389  1.819784
3.429747  2.216284
2.633317  0.556024
-1.291526  2.061000
6.325066  4.602370
4.577516  0.547792
-2.212240  4.212136
-0.528039  4.241577
-4.104628  1.671008
7.596397  2.369545
-0.714524  -1.383505
6.477001  4.177883
5.774803  4.157280
0.259760  0.043771
0.506936  2.917659
5.241457  4.345001
4.703983  5.806411
2.120978  3.526726
-0.388662  4.317992
5.506588  3.696896
6.623506  0.216213
-0.194841  2.880859
-0.383632  3.449701
7.422931  4.171552
-1.615927  1.661276
1.961404  0.436206
1.225075  0.917277
0.669336  2.114488
1.340715  1.707382
0.621774  0.920567
6.946186  5.299454
1.320333  3.847324
0.407370  6.469930
1.435092  1.149937
3.534255  4.464150
1.608937  0.730995
-1.326610  2.515240
4.978976  2.627506
5.758014  1.997006
1.054972  2.081060
3.296267  3.668283
5.697067  2.651480
0.875597  -1.312936
-1.290025  2.603194
4.560471  1.435093
-0.408714  4.148772
5.833193  2.451071
0.130395  3.852639
6.951719  3.045406
2.590904  0.912625
1.532247  2.000493
5.755784  4.628426
1.521500  5.657310
2.646327  7.984311
2.847874  2.683393
-1.221310  1.516777
5.539513  -0.765552
0.852781  2.136521
2.980747  -0.729959
2.401949  1.278751
4.154046  2.093228
2.103385  -1.477064
2.644754  -0.789686
-0.575734  3.530303
2.277315  0.159140
1.159746  0.532771
5.470386  2.443698
6.761582  6.035612
3.148411  2.947690
3.145788  1.406967
2.273383  0.659717
4.229215  3.202321
7.953718  4.753059
2.445300  2.501616
-2.045600  4.989134
1.619823  0.304634
1.550679  -1.277295
1.406449  -1.707902
1.043394  4.879012
1.349717  -0.584234
2.530009  9.087129
5.230608  2.636145
-0.078657  1.915757
-1.864883  3.107910
1.113721  2.191277
7.095345  3.475187
3.012014  2.942945
7.477722  2.036761
-0.130081  1.695960
1.808294  1.508029
2.113405  4.660044
6.354751  3.310682
5.329074  3.163418
3.231444  1.673174
0.069718  2.251718
-0.654406  4.181435
0.573236  5.016225
5.885338  3.826168
2.573230  1.216291
6.798065  5.773202
5.812656  3.104788
4.667132  -0.182171
0.429927  0.499127
2.118569  0.476612
3.473819  0.188113
2.417531  3.370631
3.653634  1.853396
6.050173  3.151483
5.454829  4.598131
4.635396  2.832221
-0.388662  4.317992
-1.799951  4.453394
7.330451  4.203940
2.113405  4.660044
1.079334  1.104901
0.728120  -0.291397
0.186361  1.898905
-1.870418  3.582409
0.785216  5.790586
1.815449  6.180295
1.976770  5.988342
1.272901  6.028310
-0.383632  3.449701
4.619422  4.747131
5.238232  -1.591920
3.667121  -0.534093
0.625123  3.366685
-2.750754  0.171772
6.267998  2.719641
6.262156  4.957329
7.464106  4.662926
2.266490  1.416019
-0.587726  5.105920
2.162488  0.165952
0.200520  3.513363
0.655016  1.424266
2.705765  0.885655
-3.422225  0.176845
-1.446281  5.550111
0.875597  -1.312936
5.739579  2.692353
6.181332  5.700067
5.413596  2.987150
7.464106  4.662926
0.532064  4.524228
0.818851  4.553576
0.532930  3.123315
-0.819776  3.509492
-0.082402  4.956298
1.474572  0.765996
-1.291526  2.061000
5.503486  0.200058
7.922695  3.626694
-1.799951  4.453394
2.406567  7.104756
7.924885  3.145952
2.095693  0.269108
2.433799  2.106538
2.753342  -0.428975
1.978181  0.224805
-0.862844  1.881029
1.506540  3.602079
-0.299687  2.363111
6.722094  1.911803
1.317912  -2.218909
-0.154028  -1.242692
5.584331  1.372256
2.485119  3.294054
0.194745  5.125948
0.714983  6.040809
6.082181  4.312013
2.147575  0.358994
7.043450  2.149957
1.109375  4.141307
1.043394  4.879012
6.662265  4.462475
1.743399  1.714061
5.590881  1.969311
-0.021605  4.124482
3.257812  0.857674
0.514473  1.746688
0.935783  4.211580
1.670391  3.652026
0.697261  1.434018
3.653634  1.853396
0.274717  8.129379
5.590341  -0.416878
1.206311  -0.164042
-2.095976  5.403317
-0.556190  5.593510
5.560683  1.987884
-1.687987  1.266763
2.181978  2.095554
3.517912  0.813064
0.284252  2.918311
5.790561  0.170761
1.744125  1.888396
-3.359170  1.728466
-0.833849  3.119123
1.385039  1.030096
-1.158746  -0.977270
-1.309949  3.809359
4.685542  2.486257
0.854707  5.959969
3.055958  1.318613
2.729343  7.623848
2.626413  1.503375
-0.862844  1.881029
-0.397608  6.865302
2.995452  6.838280
-0.232167  2.162525
5.621740  3.282021
-0.528039  4.241577
0.896543  6.434143
-0.183028  3.857012
-1.694272  0.450966
-2.730139  2.881261
1.332077  1.295549
0.492712  2.772751
7.507415  1.292209
3.605712  0.617585
1.521941  0.018690
2.082878  -0.529244
4.511058  4.241549
1.117980  1.655349
-1.439802  4.171754
0.381383  5.827276
-0.266424  4.712107
4.052409  -1.949054
6.103477  3.617613
8.414393  7.008968
3.831231  3.612689
2.006640  1.281070
6.371601  3.522614
1.070221  2.224798
2.929337  1.951699
-0.189627  2.274401
-2.764540  3.205213
4.259228  2.101428
4.974001  2.163675
4.229225  4.133288
-0.585693  3.002946
3.195253  6.599249
3.300942  2.343506
5.408731  2.639322
1.341393  5.115307
4.558483  1.092068
1.277508  3.820389
6.338972  4.198662
2.524373  3.350383
3.831231  3.612689
0.466521  5.655168
0.693858  2.581878
6.336990  1.692678
0.318895  4.807657
-3.106817  2.987865
0.213605  1.034230
0.816998  4.630752
7.100787  3.252101
7.718703  4.911370
-0.439438  3.551888
3.904327  6.157130
2.849325  2.142628
-0.052520  4.360972
1.520957  2.669572
0.849004  2.128142
6.797665  2.535532
6.103477  3.617613
3.361067  1.741086
5.541400  2.237305
6.719903  4.087573
0.827129  4.268914
6.477001  4.177883
-0.981928  3.304139
-0.503878  2.111856
4.011328  3.533898
7.464106  4.662926
-0.860174  3.335479
1.678646  1.220482
5.899963  2.988181
5.386218  3.528857
6.599702  1.133398
3.704763  6.134595
3.057849  3.322615
0.236997  0.214982
0.530104  6.504371
1.772149  0.158236
-0.476811  4.494027
-0.991273  2.701920
0.236997  0.214982
2.196527  -0.522595
7.790598  3.145984
2.026641  -1.446605
-0.024143  1.292724
-0.268266  0.357736
1.520957  2.669572
1.362357  3.705856
3.471042  2.427904
1.056309  -0.823561
7.151360  4.281221
-0.463671  -0.434091
