-0.767074  5.780345
-2.413153  6.855475
0.243960  1.574809
-3.211301  8.693008
0.018983  -0.004968
-2.599662  4.809809
-3.595000  7.393475
4.357361  4.103581
5.063921  3.822731
-4.914888  5.457660
0.944312  -3.776469
3.472298  3.078133
-0.047081  1.541605
2.458941  -0.073775
3.733712  3.819725
4.266310  4.757369
-1.452115  1.861483
6.034392  6.197430
3.299215  6.192058
-3.608236  6.406686
3.937854  4.962435
-2.905283  6.626551
-1.664153  6.543941
-4.113171  5.657193
-0.258670  1.490741
-3.566320  6.204619
-1.679291  5.411480
5.000593  3.226429
6.381404  5.107294
4.127312  2.718216
-0.198302  0.408027
1.702464  4.728414
3.261165  6.198063
-1.502637  -1.758035
-1.943633  6.214575
-2.515895  5.600204
1.031331  -1.442415
-1.104435  -1.621271
2.221640  2.806351
2.459663  3.991712
-1.843936  6.220188
-4.025562  4.936965
-4.601740  5.024900
5.979826  4.508582
-0.652670  -0.131815
4.496743  4.662033
5.694621  4.840306
0.683968  -0.958676
-3.777031  6.488309
-0.579121  5.731417
4.575234  4.240967
1.836544  0.136771
4.522808  4.245587
4.116994  3.675112
3.976706  1.898670
3.358852  2.211404
1.405979  1.141559
-1.513918  5.287029
0.113287  -1.450929
-4.586410  4.314512
-3.742434  6.058026
-2.308666  1.819128
0.107838  0.798272
1.397581  -0.710315
1.295696  0.391645
-2.208735  5.162506
3.600835  3.719114
-1.669672  4.875188
-2.447301  6.958907
-3.543715  5.007988
4.258422  3.642732
-1.585293  7.249063
5.017480  5.091824
1.523553  3.173511
1.265429  -0.156993
-5.469091  6.887240
2.899306  4.862569
-1.333910  -0.339936
2.422071  2.750222
-1.903042  5.050092
-0.141755  -0.925256
-3.566714  6.224858
0.458356  0.324505
2.221640  2.806351
1.570894  0.395078
6.660407  5.239436
-2.049384  0.497675
4.025413  3.525282
5.245071  4.671490
3.950581  4.436874
-0.860609  -0.337314
0.242729  0.055110
-2.036000  -0.208416
0.673056  -0.803881
1.735924  5.642761
-1.925690  0.729815
-3.537074  6.515654
-2.204440  6.208342
-3.810585  6.557454
-4.456163  8.590628
0.651649  1.234335
-4.356719  4.843514
0.370576  -1.054347
0.630672  0.111454
5.888730  4.790420
0.454023  0.325611
-2.205475  4.043330
0.314159  -0.032606
-2.380759  0.805035
-0.828670  1.693182
-2.629030  4.774151
-1.903042  5.050092
-3.277008  4.759859
0.370229  0.108950
0.899480  -0.949740
5.421350  3.097039
3.081730  5.748294
1.607555  1.131585
-2.996761  5.790991
4.958221  3.213400
-1.277602  6.341105
-3.565885  6.487309
1.397581  -0.710315
3.832973  3.957564
3.335573  4.969374
2.643651  4.310837
-2.443728  7.126501
-2.171849  6.826462
-3.014126  6.447656
-0.902187  0.980736
0.550016  0.602849
2.956428  2.541702
-1.890614  7.280175
-2.068796  5.410863
-1.151431  1.352917
0.150565  -1.688099
-1.360301  6.935678
-0.694287  1.925086
-4.599158  6.783653
-3.694585  5.969745
2.144591  4.021149
1.452889  -0.575334
4.955443  5.509442
3.313183  5.245022
1.559253  -2.210087
4.290411  1.886812
4.865128  3.930737
-0.297097  7.079932
1.623591  4.048816
-4.410122  6.815605
0.642627  1.568341
2.975928  3.540041
-0.620280  -0.400913
5.181511  5.204239
5.063921  3.822731
4.700869  2.033704
-2.400046  5.481286
4.575234  4.240967
-1.309664  -1.226560
-4.525168  5.709709
5.556716  3.178393
-2.418073  5.834860
-1.504548  1.559230
3.632442  5.085409
-3.373896  4.260666
-0.308124  0.673788
3.959767  3.303223
-3.744978  7.103047
4.700869  2.033704
-1.268624  -0.557421
-0.118263  0.713985
-0.531514  5.119343
-1.841980  6.437089
-3.476927  4.356043
-1.928767  0.199230
4.290411  1.886812
-1.268624  -0.557421
5.600260  5.181582
-2.412660  6.449655
-1.191280  0.336991
2.628202  3.663130
-0.419693  -1.600224
1.738598  -0.635365
4.240088  3.914462
0.846826  -0.424076
0.350505  1.422209
-5.014963  6.562378
3.387818  4.985695
-4.058543  5.092630
-0.470291  -0.250925
-5.714272  6.269598
1.127212  -0.294860
3.749624  1.872005
-0.973419  6.700329
-0.820696  -0.151286
3.902962  3.535388
5.429330  4.206927
0.989997  2.011145
0.746047  -0.482994
0.191478  0.122789
-0.342893  0.010452
2.190255  -0.728806
3.307156  4.860464
-2.447301  6.958907
0.053674  -0.546752
4.110363  4.409920
3.638558  2.975639
4.388921  4.039533
5.059042  4.137508
2.712533  4.552958
2.611273  5.182812
-3.239839  5.900092
2.664665  5.261649
2.962275  2.558683
0.606537  2.444635
4.043813  2.909783
-1.806321  -0.306875
-0.881506  -0.095816
3.975999  5.490059
-2.895522  5.052868
-2.724883  5.814752
3.064166  5.723017
-2.025236  0.440108
-1.699203  5.551489
0.698616  0.009350
3.548309  3.440498
3.305613  5.017839
-2.144679  -0.641303
3.339240  2.978150
4.235151  2.047812
-6.627030  6.294798
3.776933  2.591337
-0.856933  1.281160
1.874167  5.049334
-4.119600  7.282780
3.952388  2.872156
4.201966  5.042375
4.701162  4.009669
3.186836  4.372708
3.092172  5.042646
3.004540  4.988888
5.514363  3.984318
-0.994282  6.632071
-2.590708  6.783748
2.403065  -1.182057
1.117806  -0.203064
-1.418101  -1.201615
2.692810  3.136605
4.055717  3.562265
0.201337  -0.596907
5.953574  1.690076
4.201842  3.728839
-0.449233  0.100169
-1.602217  5.079023
3.498656  4.662852
4.020151  3.816199
-0.992459  -0.534241
1.161638  0.231249
-1.955608  6.496954
3.117336  2.323644
-2.681987  6.372110
3.852856  2.477610
4.948292  5.236973
-4.387041  5.815479
-3.627918  5.592681
4.069388  6.828680
4.210483  5.372048
-1.133973  5.643868
1.416826  -0.733807
2.445886  4.093059
0.854782  -1.109878
2.761700  5.475029
2.767028  5.189029
-1.423844  -0.077650
-3.176021  9.336012
-2.620139  4.568462
-2.299291  6.451283
4.781510  3.365790
4.834533  5.076551
4.466060  2.396540
-3.205313  6.229503
-1.515033  -0.022889
-2.799171  -0.699032
-1.644292  5.369074
-0.995096  -0.089785
0.486550  -0.822656
3.941769  4.658637
-0.173700  0.794110
-1.360301  6.935678
-5.169627  5.239356
5.395764  3.405794
4.216593  3.083008
3.003996  4.129342
1.403797  -0.235663
-0.487952  -1.158537
-4.842093  5.680208
0.188982  0.053477
5.208897  4.223336
-2.208735  5.162506
4.815511  5.408054
2.743956  3.182175
0.091941  1.837668
-1.417203  -1.337046
-0.052727  -0.113998
-0.767074  5.780345
-3.259404  4.709888
-4.349002  6.404649
-3.130136  4.595418
-6.627030  6.294798
-0.557707  -1.082123
0.954987  -2.362070
3.339240  2.978150
3.943917  1.821628
1.415463  -0.029560
0.431228  -0.020307
-1.142276  0.256496
-2.724435  4.934950
0.919405  0.896911
4.090760  4.540818
0.920973  -0.851597
2.459188  3.341694
-2.982979  6.977152
4.416495  2.196219
-2.651920  6.420541
-1.076524  0.964908
-4.784554  5.488833
3.387818  4.985695
6.657960  2.767993
2.206088  3.855275
3.976706  1.898670
-0.802344  -1.158271
7.417293  5.498844
3.580109  4.709235
-2.481257  4.871593
2.422071  2.750222
-1.131380  -0.041666
-0.361174  -0.494110
3.950220  3.668263
2.848146  5.374052
-0.427140  -0.862531
0.475496  -2.263010
0.629580  2.815691
-0.235832  -0.390022
4.691565  4.694216
2.060656  4.651644
0.555236  1.271623
-0.861761  -0.137318
3.209724  3.664069
1.013867  -0.131684
4.751173  3.055108
4.357361  4.103581
3.657204  4.727090
-2.129825  6.958403
2.369695  3.452067
1.016952  0.541551
-0.791905  0.613079
2.919175  4.220774
-0.342015  -0.234054
4.025413  3.525282
3.937854  4.962435
-1.845554  6.548030
-2.000745  5.683814
-4.705227  7.144530
0.806619  -0.431026
5.139743  3.010498
4.263532  2.973110
-2.443728  7.126501
3.508410  3.911512
3.213064  2.994312
2.782087  3.967819
1.858399  0.371629
-2.499066  6.366706
-3.558150  5.093350
-2.724883  5.814752
-0.995096  -0.089785
0.683968  -0.958676
-0.835516  6.061083
-3.827566  8.939819
-0.835516  6.061083
2.761700  5.475029
1.578852  1.792205
5.034791  4.960047
4.466060  2.396540
-3.445550  7.341696
-2.363547  6.984741
-2.539412  6.237569
5.090585  4.651420
-1.272375  6.928741
-2.277583  7.375624
-5.558874  6.234799
-0.772920  3.677536
-2.880701  5.577164
3.069432  5.911918
-2.665442  5.140989
4.602408  4.245294
-0.772920  3.677536
3.995242  5.035072
-2.378018  4.986029
0.801499  -1.360338
-3.674786  -0.981964
-2.766570  5.327726
4.432925  3.800396
-2.288843  6.426290
0.863604  1.884764
-1.099179  0.302362
-2.386116  -1.154076
-5.714272  6.269598
-3.169535  6.684748
0.129258  -0.127865
-0.910565  0.192366
-1.039567  -1.515300
-1.361926  6.025430
5.040211  3.522095
-2.478983  6.191600
1.193469  0.216593
-4.094387  6.734186
2.086798  5.065870
2.899306  4.862569
-0.614720  -0.239383
1.846246  3.008070
-3.168103  6.855719
-3.416141  5.953684
-2.312730  6.801374
-2.479752  5.780120
2.609728  4.840933
6.764247  4.275818
1.559253  -2.210087
-2.254439  6.005035
1.473718  5.371985
5.031285  5.248972
-0.789645  1.549138
-1.806321  -0.306875
0.097883  0.026018
-0.628310  -0.955239
-1.720154  0.662368
4.799579  4.275571
4.135030  4.711517
4.736172  2.732198
5.090585  4.651420
-0.239161  0.983505
-2.832255  5.856207
2.527649  4.311480
-1.776852  6.552999
5.017480  5.091824
-1.423844  -0.077650
-4.153503  6.624849
0.750638  -0.471782
2.863443  3.647939
-2.578603  4.845683
4.684534  4.044045
-3.437929  6.589007
-0.097167  -0.759974
6.527453  4.931940
0.403973  -0.211979
-2.712935  6.942416
-2.743739  7.114651
1.709346  0.820132
-3.515923  7.295629
-0.200076  -0.337197
-3.770544  4.626801
1.085877  -0.601580
-1.214033  0.487707
-3.490213  5.313897
1.856286  0.621837
-0.235832  -0.390022
3.319061  5.025473
-2.032472  7.955317
4.410142  3.696338
2.733544  4.810400
3.591693  4.168576
1.096598  0.863334
2.269824  -0.595016
2.341736  -0.366378
-0.939240  0.357058
2.630931  3.647413
-2.041595  4.516113
-1.225201  -1.780351
-3.735261  6.865683
1.586836  -0.692727
5.403848  3.254364
0.067745  0.178403
4.847426  3.341663
5.916812  3.457044
-3.693229  6.367810
-0.597509  -0.763183
1.660680  0.781198
-1.955608  6.496954
-6.830588  6.492551
-2.451324  5.841953
5.611718  5.312646
-1.959861  4.188200
4.964191  4.158334
0.184757  0.903061
3.003996  4.129342
4.404717  4.040528
3.177592  2.443646
-2.138138  4.622181
-2.058556  5.179252
-3.719777  6.368893
4.059992  1.975594
0.307627  0.501976
0.331733  6.678377
-0.649941  1.084294
-1.201774  5.534909
-1.014058  0.558648
-2.664522  5.879410
-4.567393  5.915216
0.004973  0.571540
2.643651  4.310837
1.226669  0.581345
-0.977822  5.984109
3.151199  1.922733
-1.452287  5.355393
-1.931627  4.871467
-4.862275  5.309248
5.660391  4.199646
-4.680619  5.645290
-1.017060  0.406142
5.244878  4.150201
6.506281  3.339037
5.601971  4.075153
-2.750285  4.053363
-4.586410  4.314512
-1.455800  4.816126
-3.205859  7.013014
5.611718  5.312646
3.785205  5.046880
-1.532464  5.691689
4.117378  3.268823
-2.702363  5.666637
-2.105423  5.601971
-1.227006  -0.848127
3.155605  4.112874
-3.846814  4.335393
4.445803  3.171131
-2.142975  5.285235
0.827290  0.131264
-2.766570  5.327726
-0.193891  -1.712815
-0.841168  0.414497
5.556716  3.178393
1.075824  -0.473372
0.281165  0.946312
5.502899  4.987981
-1.513918  5.287029
4.140005  4.911933
5.029030  3.723181
-4.070772  6.239021
1.273378  0.586836
-0.097167  -0.759974
-0.748460  -1.184648
-1.571773  7.494583
-0.072514  0.430838
-3.167707  4.453474
-2.681987  6.372110
-2.124688  -0.150916
5.267292  4.882543
4.034776  2.985515
-3.231599  6.582112
-3.994384  7.703443
5.786480  3.328758
-4.561326  4.671179
-1.229594  0.593950
-0.353738  -0.061046
1.645893  0.350576
-3.447182  6.597366
-0.104448  0.053623
-1.232815  4.729077
0.277948  1.045254
1.869092  2.858895
-3.810585  6.557454
1.405979  1.141559
-1.776852  6.552999
-0.705416  4.318284
0.619078  -0.553642
5.061804  4.338997
3.373517  3.726576
-3.657655  5.433962
3.891314  4.720270
1.221206  2.024659
3.812694  4.061085
-3.490298  6.733806
-2.490701  7.221082
-2.347145  7.151284
4.489810  2.908500
-4.328139  4.258612
-0.480207  0.898735
-1.571773  7.494583
-2.299291  6.451283
-3.097341  4.925804
0.806619  -0.431026
-3.789630  5.029357
-1.504548  1.559230
2.975928  3.540041
-3.437897  4.444046
-2.418073  5.834860
-3.993918  6.915869
0.242729  0.055110
3.392956  3.596698
0.704940  -1.083019
-2.023076  0.102663
0.403973  -0.211979
0.284377  -0.212919
-3.469572  6.244456
-2.408467  7.227006
3.518254  3.370760
-2.020612  4.992951
-1.067100  0.362114
-2.634657  5.583815
3.472653  3.258639
3.697583  2.544483
0.410817  -0.597388
4.284779  4.041305
0.988219  -0.915362
3.492108  3.483220
-3.515923  7.295629
1.570894  0.395078
-0.607991  -1.135431
-0.311988  -0.447467
-0.987698  -0.197114
-1.608227  6.168250
-3.104781  5.430168
4.342415  4.995695
5.984524  6.297783
-3.860589  6.630907
4.915501  4.356909
-1.315463  5.179577
5.051678  2.507966
-4.376479  6.386761
-3.308101  6.731063
5.029030  3.723181
0.630672  0.111454
2.806505  4.833015
-1.063455  1.573418
-0.072514  0.430838
-1.571773  7.494583
0.754486  -1.192256
-5.198722  5.764654
-0.936510  -1.136980
-4.410122  6.815605
-0.693187  -1.197248
-1.763802  0.386734
4.379060  4.225606
-2.670670  4.002108
3.864136  5.128214
-3.983963  7.159684
-1.150765  0.705980
2.611273  5.182812
-1.608227  6.168250
-1.173081  7.340260
4.558112  2.987200
-0.812981  2.109396
-3.525222  7.188766
4.000675  2.771994
5.086209  5.270578
-3.142977  5.378404
-3.869159  5.989026
-4.463168  5.939118
5.351593  2.687118
-0.624988  1.848593
4.617451  5.497998
5.258788  2.457310
0.370578  -1.665835
-4.335140  5.363066
3.541682  3.453295
2.745658  4.019028
-1.771498  5.151786
-2.620139  4.568462
-2.968264  5.963585
-1.815787  -0.417090
-0.835516  6.061083
-0.275432  -0.485786
2.139869  1.668263
-2.986604  6.035599
-1.462952  7.687377
-0.159363  0.861283
0.376799  -1.480853
-1.188036  -0.475042
-0.610137  0.152160
0.021114  -0.316118
6.301449  3.911171
3.873695  2.261725
-1.139656  -1.415499
-4.727703  6.910526
2.111239  4.998083
1.764627  2.711979
-1.211597  4.866771
4.410142  3.696338
0.148305  -0.517219
5.232240  3.612708
0.577348  2.038684
-0.628310  -0.955239
0.806619  -0.431026
4.553013  5.368628
5.236120  3.089848
0.798897  -2.221417
3.632768  4.675319
-1.007599  6.458221
-1.039567  -1.515300
-3.231599  6.582112
0.486344  -2.432494
0.077173  2.289375
-0.994282  6.632071
0.373053  -1.368149
5.061656  3.688563
-1.923734  -1.361207
3.535662  4.318001
4.553361  3.877092
2.525909  1.442165
0.433272  0.884374
3.081730  5.748294
1.625554  -0.106239
-3.983963  7.159684
-2.800361  6.521597
-0.299381  -1.222667
-2.068434  0.245891
1.424341  0.038626
1.350748  -0.763801
4.052426  3.764517
-1.937744  4.648178
0.370576  -1.054347
-2.034052  5.438469
-0.321030  1.884375
-0.857070  6.419944
-3.161258  5.390321
-2.201402  4.905922
2.863443  3.647939
-5.265622  6.834904
-1.923768  7.555723
3.153886  4.147973
-0.159363  0.861283
0.626892  -0.530933
-0.641909  0.172760
-2.686203  6.502908
4.432925  3.800396
-3.607043  7.049481
-0.159754  7.265269
-4.705227  7.144530
-0.743318  4.364018
-2.599662  4.809809
-4.249862  3.450446
-2.834717  4.739554
4.669496  4.506754
1.983242  4.109800
3.215637  3.932313
-3.279144  6.728227
2.468506  3.590599
3.458776  4.987235
-4.466019  6.288417
2.708391  4.559639
1.790963  -1.323313
-2.143566  5.037093
1.581196  5.621658
3.003996  4.129342
4.088047  4.314348
-4.704703  6.101878
4.421018  4.707792
-0.860609  -0.337314
4.301118  2.273123
0.465348  0.510897
5.139743  3.010498
5.049147  5.428406
4.598158  3.119874
-1.257373  -1.157044
1.221206  2.024659
-4.339586  4.685521
-3.037904  6.588670
3.081730  5.748294
3.981664  5.724755
0.717463  -0.337829
1.518119  -1.687456
4.481196  4.183278
4.236588  4.352869
4.089615  4.172542
4.498668  3.691834
3.285405  6.023214
1.753504  3.962382
-1.512261  6.173671
-0.552441  1.800896
6.890727  4.898280
-2.383741  0.504179
4.336496  2.333167
-2.309526  6.194191
4.263532  2.973110
1.226669  0.581345
-2.422882  6.834808
5.493328  3.627933
-2.953613  7.326683
-5.265622  6.834904
4.962983  4.274945
3.743063  3.399519
-0.395617  0.767549
4.522808  4.245587
-3.490213  5.313897
-2.198965  5.296507
0.144127  -1.472270
5.979826  4.508582
-2.981975  6.293929
-3.238702  6.253150
3.225388  3.482776
-0.385891  -0.609943
3.512358  4.826633
-4.294102  6.396857
0.968748  -0.836483
4.691565  4.694216
5.888730  4.790420
-0.878917  -1.397786
-2.199669  3.967987
-3.244524  5.017152
-1.225201  -1.780351
6.660407  5.239436
4.843615  3.761368
-3.566133  6.144234
1.424341  0.038626
-2.440784  5.741080
3.074912  3.311032
-1.470841  -0.442035
-2.143566  5.037093
4.733291  3.111021
0.353072  -0.732461
-3.193816  6.315350
-0.669318  -0.843144
-0.166474  1.157297
-3.683030  5.128477
5.139399  3.895045
-3.833782  7.326348
-2.925701  6.639778
1.988306  3.884252
-5.335652  7.211424
-2.966704  5.007254
4.320372  5.409677
-1.490804  -0.313922
-4.978858  7.197782
-3.719777  6.368893
-2.778436  7.387027
4.723780  4.362558
-1.257373  -1.157044
-0.270460  0.348450
-2.968264  5.963585
3.647954  5.369523
-0.193891  -1.712815
-3.873323  5.900229
0.018470  1.527954
-0.427140  -0.862531
-2.641586  6.507552
-0.470291  -0.250925
-1.245818  0.504240
4.820555  3.785647
-1.906044  0.366028
-1.452287  5.355393
5.916812  3.457044
-3.231599  6.582112
4.190277  3.445685
5.359530  3.628465
-3.409660  6.360318
-4.691211  3.577671
0.754809  0.016967
-0.361174  -0.494110
3.845123  4.958659
-1.479735  1.916176
5.991371  5.805154
-1.502637  -1.758035
-2.104977  5.370784
-0.772920  3.677536
4.671071  4.520495
1.075444  5.270264
4.266310  4.757369
-3.269340  5.507364
-4.673118  6.726198
-3.484011  6.465958
-2.428871  6.154729
3.767113  3.654510
3.893663  6.035884
-2.794638  5.456137
4.127312  2.718216
0.277948  1.045254
-2.176074  6.427086
-2.331945  6.515640
-0.569735  -0.219745
3.999991  5.258298
3.994268  5.643607
-3.004799  4.378182
5.155887  4.129303
2.568193  -0.021805
3.851944  5.001291
4.498707  3.577772
-1.133973  5.643868
2.024089  -1.518815
-1.602217  5.079023
-3.194367  0.762241
-0.223715  -0.440447
-0.375222  -0.604224
-0.807858  1.207344
-2.339491  -0.556709
2.782087  3.967819
-5.714272  6.269598
-0.781115  -0.382633
-0.487952  -1.158537
4.485023  2.584106
-1.258601  2.500861
0.337353  1.339694
-4.456163  8.590628
-2.895379  6.340731
4.411429  3.234623
-0.945456  7.824935
-2.634657  5.583815
6.401007  3.417880
-0.717070  6.101993
0.700373  -0.696245
3.305613  5.017839
-1.827241  6.573852
-0.925633  1.784980
4.155006  4.459584
-3.076310  4.749576
3.187956  3.737431
-0.120523  -0.035079
-0.765511  -0.217408
-3.852872  7.133490
-1.975230  5.746132
0.989997  2.011145
1.645991  0.000238
3.833978  3.875744
0.974551  0.272247
2.708391  4.559639
-2.904060  6.454523
2.164631  -0.088422
0.356149  -0.132555
2.485539  6.169117
5.859860  4.517112
-3.125690  7.289138
-0.557275  -0.252553
1.938512  3.506834
-3.129906  6.339010
4.913165  3.825660
1.942192  4.139189
-0.557707  -1.082123
-2.103769  6.042575
1.586836  -0.692727
1.172525  1.482851
-1.274382  0.767429
4.357361  4.103581
-2.312730  6.801374
-1.361926  6.025430
0.844432  1.828079
0.217930  -0.353253
-1.184101  4.920038
-1.694121  6.286930
3.733712  3.819725
-2.326791  5.630533
5.040211  3.522095
-0.195389  0.874030
-1.857625  3.704723
-1.175602  -0.623819
-0.171785  0.480196
3.159567  3.537101
-1.921861  6.845147
2.587462  4.986251
-1.073843  -0.986675
-4.623073  7.184039
-1.346654  -0.810337
4.198876  5.030721
-1.333910  -0.339936
5.014953  3.484064
-2.392079  4.632095
1.372376  -1.237906
4.360379  2.772600
2.831051  2.785819
4.465385  4.635854
4.679306  4.369064
3.812694  4.061085
0.952129  0.164603
0.444664  1.376783
2.917174  1.916330
3.186836  4.372708
0.132104  -0.681806
-4.053772  6.728423
4.558112  2.987200
4.799579  4.275571
5.155887  4.129303
-2.223407  5.705307
3.849314  4.513713
4.723780  4.362558
-0.881506  -0.095816
-2.550479  5.037063
3.833376  3.508809
0.939140  -1.049333
4.169673  3.659472
-0.860609  -0.337314
3.999991  5.258298
-3.495715  7.556776
5.165991  4.237731
2.369695  3.452067
-1.308208  5.513793
2.094938  -0.270997
0.312371  0.666276
-1.806321  -0.306875
1.016952  0.541551
1.532034  0.931125
-1.579377  4.020523
4.052426  3.764517
0.373053  -1.368149
-0.297097  7.079932
2.213053  4.623576
1.618553  -0.510775
1.040023  2.983424
-2.936276  6.136000
3.230646  3.217305
-0.746389  -0.213614
-2.386116  -1.154076
5.163232  4.333661
-2.761818  5.589190
6.276386  5.245410
-3.344095  5.655021
3.151199  1.922733
-2.481257  4.871593
2.024089  -1.518815
-3.307596  6.456571
-3.892870  4.650964
5.979826  4.508582
4.345579  3.027379
-0.421308  0.451505
-4.803757  5.409117
1.226669  0.581345
-2.777992  5.121956
4.741122  3.479773
-4.831514  4.266645
-3.032705  4.575595
-5.095444  7.571300
-1.452287  5.355393
3.353625  4.883904
-0.973419  6.700329
1.570894  0.395078
-2.032472  7.955317
2.122906  4.025790
1.452889  -0.575334
3.949474  5.169010
-0.581092  0.376116
2.132238  2.841457
0.436560  -0.238585
3.319061  5.025473
4.209031  4.773513
4.459010  3.812122
-0.233305  -0.674322
-2.308666  1.819128
1.874167  5.049334
-2.724435  4.934950
-1.515178  7.041210
-1.928767  0.199230
-0.573300  0.650861
-1.784055  5.992294
-2.380759  0.805035
-2.147024  0.256059
1.814971  2.715745
-1.614074  -0.210439
-1.267802  0.126642
4.847426  3.341663
-4.118768  6.516309
-4.027686  6.201052
-0.877117  1.963321
-4.338882  5.082937
-1.316919  0.155145
-4.018735  6.191888
-0.737085  0.951223
-2.702363  5.666637
2.276638  6.262271
4.687878  4.384791
-2.705800  5.863637
-1.201973  -0.417512
-4.018046  5.321430
-3.782797  5.962982
3.017788  4.923997
2.122334  -1.968866
5.421350  3.097039
5.909867  4.814156
-2.545637  6.357442
4.671071  4.520495
-1.126040  7.840891
3.004540  4.988888
4.209031  4.773513
5.296849  3.966302
0.319075  0.025727
-3.566714  6.224858
-2.208491  0.366346
1.052101  0.067586
4.196327  2.241805
0.000379  -0.500789
-0.765511  -0.217408
-0.564419  7.558431
3.285405  6.023214
-1.133973  5.643868
-0.775441  -0.537134
-1.229594  0.593950
2.749504  4.078615
5.751297  5.384227
-0.939240  0.357058
3.041277  4.937585
4.089615  4.172542
1.986066  4.708999
4.471153  3.343275
4.169673  3.659472
-0.172862  1.140930
0.526922  -1.779976
-4.349761  6.602417
3.797801  5.448050
0.673056  -0.803881
-3.416141  5.953684
3.797450  4.869294
4.136108  2.005278
3.559326  2.929906
3.624960  4.952731
0.314159  -0.032606
6.301449  3.911171
4.215095  4.143538
0.159091  -1.247752
3.263313  4.639067
3.611713  3.021267
-0.208049  -0.522179
0.554492  -0.786313
4.704362  3.476002
-1.020101  0.841878
-1.170306  0.200760
1.056869  0.286574
-2.339491  -0.556709
-3.021603  5.834734
0.962559  -0.650743
-2.838062  5.520519
2.912036  2.822551
-1.175602  -0.623819
3.528884  3.494675
-3.495162  4.658135
1.586836  -0.692727
3.307156  4.860464
0.968748  -0.836483
0.881309  0.356850
4.820555  3.785647
3.421766  6.385868
-3.884409  6.058633
0.701367  0.721649
-1.333910  -0.339936
-1.091962  0.456733
2.814207  5.235339
-4.084149  5.645989
3.569075  5.991470
-1.942914  3.196931
3.449847  1.845196
-1.843936  6.220188
3.468168  1.139304
4.353091  4.721244
4.441715  3.968126
-3.038579  5.538755
1.389923  1.935251
-0.257125  1.756739
3.778035  2.366877
0.862544  -0.609993
3.817601  4.785683
5.421350  3.097039
0.727156  -0.430991
4.554984  3.321770
-1.142276  0.256496
5.439309  2.494730
-4.680426  6.386216
-1.396851  -1.219678
-0.766402  5.045572
-2.223407  5.705307
4.190067  4.194673
-5.649685  7.686585
1.570894  0.395078
-0.674320  0.959752
5.502899  4.987981
-1.704261  7.357141
-2.842558  6.964997
4.482805  5.233269
0.182675  0.450309
-1.108574  2.094368
-3.308741  4.927669
-2.205475  4.043330
-2.793961  6.264713
-1.750519  3.956239
0.213393  0.374709
1.473718  5.371985
2.440817  4.952766
-0.446760  0.006016
1.716203  -0.878857
-4.463168  5.939118
2.637075  5.785551
2.308131  3.700328
-0.616196  0.236768
1.711137  0.394991
-2.592404  5.093575
5.139399  3.895045
-2.147024  0.256059
-2.499066  6.366706
-4.027798  7.858329
-3.926712  6.051056
-2.012107  4.760710
-0.344852  1.722655
-2.460945  5.234897
-5.649685  7.686585
2.701277  5.077732
-3.972872  6.953586
-2.953613  7.326683
3.852856  2.477610
2.844629  2.464629
-3.994384  7.703443
5.061804  4.338997
-1.579377  4.020523
1.106276  -0.410302
0.390504  0.030887
-4.444064  7.295514
1.919001  0.160387
2.201879  -0.093790
-1.201774  5.534909
-1.162074  5.589558
6.085114  4.244259
0.649106  -0.626021
2.449129  4.028569
3.186836  4.372708
0.392244  1.125525
-0.350677  4.679798
-1.339682  5.373370
2.588566  4.102034
-3.428466  5.263553
3.329944  4.477800
1.321430  -0.877090
-0.476963  -0.575747
-3.145438  5.754967
2.403065  -1.182057
4.432925  3.800396
-1.398302  6.007447
5.611718  5.312646
-3.450642  6.954841
-3.419169  6.246424
1.173840  -0.618861
-2.659941  4.692592
-3.564484  5.628592
3.884304  3.919027
-1.281168  4.658786
-2.892583  6.524859
4.482805  5.233269
-3.228919  6.338333
5.620193  5.846852
5.335631  4.701840
-5.714272  6.269598
-2.019276  -0.069813
-3.259404  4.709888
-3.444317  6.288687
4.277506  3.599398
-4.740339  4.437232
0.700373  -0.696245
-2.180120  6.456985
0.545635  -0.841184
-0.831232  -1.175725
-0.939240  0.357058
0.520842  -1.380064
0.626892  -0.530933
3.505273  2.716855
3.051673  4.870343
-1.935930  6.033034
1.988306  3.884252
-4.704703  6.101878
0.165855  0.968889
2.872027  3.637799
1.198498  0.123638
-3.693229  6.367810
5.112134  3.130813
1.184534  -2.221108
-2.143566  5.037093
-0.581885  -0.133750
3.562466  4.518131
2.637075  5.785551
4.357361  4.103581
4.671071  4.520495
0.454023  0.325611
1.222482  -1.110967
4.482805  5.233269
5.747574  4.647130
-4.519367  6.619095
3.594208  0.346358
-3.993055  6.167729
-2.665187  5.579519
4.489810  2.908500
0.151870  -0.119437
5.451490  3.585172
3.156838  4.225677
0.405332  -1.193558
-2.981087  5.786413
0.846826  -0.424076
-2.087968  6.147955
0.565332  -0.294256
1.429398  3.754384
0.696134  -0.956789
4.719456  5.587801
4.388921  4.039533
-2.952362  5.351852
3.540117  2.937145
6.506281  3.339037
-0.004033  0.100303
-1.126685  0.355515
3.358852  2.211404
-1.997486  -1.491632
4.012454  4.374472
2.086798  5.065870
-2.330545  4.595399
4.843837  2.715534
-2.546502  7.238722
2.086798  5.065870
4.034776  2.985515
-3.169535  6.684748
-3.993918  6.915869
-3.332465  5.258440
0.938168  -0.138748
4.244057  5.494983
4.880094  4.417662
4.136108  2.005278
3.797801  5.448050
-3.267305  5.212585
-4.665477  7.022277
3.458776  4.987235
-0.674320  0.959752
-4.923216  4.940339
-3.872833  5.574486
0.118627  -0.571102
-0.564419  7.558431
-0.497148  6.619078
3.405423  4.569028
-3.339856  6.897287
-4.208775  8.517725
-2.025041  5.701102
-0.342015  -0.234054
-2.724883  5.814752
-0.285839  1.165478
4.964191  4.158334
-2.452658  4.976746
3.842821  3.272099
1.487018  -0.395122
-2.460945  5.234897
1.338313  -0.048838
-0.542396  1.415964
5.786480  3.328758
-1.232412  6.265981
-1.557968  5.302729
0.911213  0.816547
-3.219188  6.322179
-3.657666  6.499168
2.403065  -1.182057
-0.052727  -0.113998
3.864136  5.128214
3.930415  5.262810
3.148224  3.172676
-3.332465  5.258440
-3.211301  8.693008
-2.208123  5.478684
-4.060642  4.980051
5.502899  4.987981
4.800484  4.366691
4.441715  3.968126
-4.349761  6.602417
-3.969647  6.742883
0.374087  0.294341
2.749504  4.078615
1.623591  4.048816
-5.921027  6.472355
3.041277  4.937585
-0.166474  1.157297
-2.592404  5.093575
3.940151  5.680314
-1.241297  6.849459
4.768756  5.090168
-3.469246  6.129691
-4.507294  5.633175
-2.712935  6.942416
-1.516755  6.372206
-3.027491  7.492645
-1.673873  5.855071
1.338313  -0.048838
0.582212  2.442096
5.041870  4.267169
-3.387234  5.543536
-0.275925  -2.048960
-1.166019  4.949650
3.007813  3.413272
-0.832978  0.077969
-3.214669  7.036279
0.683968  -0.958676
-3.598647  5.408618
-2.599662  4.809809
-1.669672  4.875188
0.582781  -0.400565
2.826344  3.126556
0.545635  -0.841184
-3.206813  5.622821
-2.674454  5.544711
-1.653127  5.071779
-3.238702  6.253150
-2.757555  5.384026
3.610359  6.648723
0.952129  0.164603
0.359858  -1.392873
-1.778977  -0.000981
4.348080  2.574397
-1.217077  0.858188
-0.470550  1.111816
0.988219  -0.915362
1.942192  4.139189
2.558441  5.400957
-0.380108  -0.161778
-2.780502  5.928682
-0.195389  0.874030
-0.765511  -0.217408
-2.205475  4.043330
-2.809853  3.882488
3.979539  4.277366
-4.599158  6.783653
-1.113102  -0.944366
-3.211301  8.693008
1.017958  -0.879321
0.477275  1.419747
2.189109  4.835480
-3.175298  7.605911
0.217930  -0.353253
-4.862275  5.309248
-4.084149  5.645989
3.502072  4.924246
-1.679291  5.411480
0.370578  -1.665835
3.703302  3.067298
-0.717070  6.101993
-4.149038  5.943824
-1.764849  7.050913
-1.501871  4.350423
2.295897  -1.277070
-2.199669  3.967987
2.145096  4.415478
-4.803290  4.771938
3.703302  3.067298
-2.891158  5.180637
3.143524  3.718616
5.193192  5.031194
-0.234032  -0.779106
-0.807858  1.207344
-2.813771  5.517770
1.674167  1.537402
0.555236  1.271623
-3.382023  6.965648
3.263307  4.239586
3.905260  3.291121
3.863103  5.513038
3.415999  5.341480
0.515738  -2.045413
2.380600  5.018281
0.344267  1.508128
-3.239235  7.249678
-1.679291  5.411480
-4.149447  5.135064
0.074362  -1.173447
-2.455958  0.424542
1.193469  0.216593
1.574163  -0.703215
-1.064300  -1.234223
-3.735947  4.767212
-1.935930  6.033034
-0.828670  1.693182
4.275539  3.888142
-3.595000  7.393475
-4.027798  7.858329
-1.839553  -0.308803
-3.657961  3.961767
2.031977  3.850293
1.031331  -1.442415
3.579212  3.041874
4.496743  4.662033
5.165991  4.237731
3.152678  5.203462
2.417852  5.092931
3.522682  2.398954
-2.363547  6.984741
4.094098  5.818930
3.852856  2.477610
3.585703  2.323428
3.797450  4.869294
-2.225200  5.744216
1.800260  0.784871
5.163232  4.333661
-1.959861  4.188200
4.022926  3.378116
-5.792149  5.892902
4.865128  3.930737
-4.211033  6.199712
-0.239161  0.983505
-3.220705  6.003830
-3.673168  5.596572
-4.444064  7.295514
-0.006831  0.276610
-1.763802  0.386734
1.397581  -0.710315
4.240088  3.914462
-2.633296  5.042886
4.690324  2.824523
-0.480207  0.898735
-1.305854  -0.441386
0.163941  0.616600
-2.105423  5.601971
2.201829  4.207036
3.412930  2.174600
-1.201973  -0.417512
-2.925701  6.639778
2.746785  4.039757
0.606537  2.444635
-2.690896  5.983328
-3.914619  5.090437
4.209031  4.773513
5.689782  3.393757
4.701162  4.009669
1.416826  -0.733807
1.016952  0.541551
-5.558874  6.234799
4.962983  4.274945
3.851944  5.001291
-2.550479  5.037063
0.171356  -1.631960
0.260178  -0.781411
0.808004  0.981805
0.854808  0.942250
-2.198965  5.296507
-4.208775  8.517725
-1.085231  0.278365
1.460374  -0.404428
-4.978858  7.197782
0.355128  1.587845
-2.000745  5.683814
2.389990  3.986573
-1.214033  0.487707
4.700869  2.033704
3.528804  2.657420
-3.719777  6.368893
0.361010  -0.646858
2.872027  3.637799
1.266660  0.583164
3.285405  6.023214
3.262951  0.255211
-1.890614  7.280175
-3.993055  6.167729
-3.030641  4.379804
-1.452287  5.355393
3.484200  3.241854
0.579589  0.666088
-3.244940  6.923487
-1.417203  -1.337046
0.962559  -0.650743
-0.494978  0.954008
1.051009  0.586027
1.369288  0.270791
4.982434  2.282768
2.558732  3.100571
-1.039820  0.138388
-2.436101  6.802368
-2.886878  6.452638
-1.455800  4.816126
-1.082007  -1.317510
-0.852202  -0.572741
1.773050  1.351812
2.753217  4.691660
-1.117974  -0.384789
-3.216068  5.361430
0.045729  -0.497918
-2.208735  5.162506
3.790375  4.609885
0.626892  -0.530933
5.359530  3.628465
0.055569  1.588505
-1.141313  5.427249
-0.828670  1.693182
3.952388  2.872156
3.002501  2.633591
3.638558  2.975639
2.594494  2.246321
-1.490120  7.476218
3.357707  3.182078
-0.342893  0.010452
0.466628  5.668493
2.664169  4.760129
-4.561326  4.671179
0.517465  1.939757
-2.557240  0.162880
3.990055  4.079039
-3.219188  6.322179
0.206082  -1.784719
4.395092  3.277190
5.751297  5.384227
0.454023  0.325611
3.102790  4.763685
0.100251  -0.559801
-4.031273  5.828538
4.258422  3.642732
-1.880751  5.647618
-0.860609  -0.337314
3.074912  3.311032
-2.996147  6.943358
-2.199669  3.967987
2.814207  5.235339
-0.192451  -0.329625
-1.730385  7.512009
4.547052  4.773496
-0.671079  5.923440
4.430023  2.798519
1.790963  -1.323313
-0.485248  -0.135749
4.279465  4.841299
1.311738  1.172089
2.403065  -1.182057
0.206082  -1.784719
3.069432  5.911918
0.004725  0.426421
0.374087  0.294341
-2.481257  4.871593
4.615925  4.580426
-0.361174  -0.494110
3.838812  4.427301
-1.173081  7.340260
1.854321  5.062476
-4.173280  6.353237
-0.047081  1.541605
-3.387234  5.543536
0.577422  -0.270906
0.989997  2.011145
4.538052  2.948394
-2.593233  5.218051
3.571892  3.916032
-1.492332  0.709267
-1.235506  5.798325
0.242729  0.055110
1.255281  -0.356008
-4.567393  5.915216
-4.200101  6.845004
-0.577032  1.208486
-2.610089  6.207228
-1.567383  5.235059
0.554492  -0.786313
0.356149  -0.132555
-2.702363  5.666637
-1.189013  6.079662
-0.321030  1.884375
4.411429  3.234623
-1.400974  8.367812
-2.620139  4.568462
-2.620139  4.568462
0.006806  0.039156
-2.963631  5.666316
-4.599158  6.783653
-2.785725  5.891966
-3.241751  5.454343
3.721560  4.871292
-3.525222  7.188766
-2.294931  4.473663
5.859860  4.517112
-1.458089  0.005173
-2.559772  5.809179
-0.341024  0.312007
-4.859827  5.894828
3.709913  4.609942
-2.578603  4.845683
-0.340566  1.425332
5.008088  4.772729
-2.088713  4.060350
3.847384  5.827998
-1.158787  0.591229
-1.039820  0.138388
3.957686  2.485272
-1.229594  0.593950
-1.161147  0.013324
4.982434  2.282768
-1.757075  0.033381
3.278403  4.171492
-2.877827  5.888958
1.656817  4.676410
-0.575557  0.382147
3.600835  3.719114
-0.441040  1.001354
0.263798  0.520145
-0.314770  -1.537973
2.745658  4.019028
1.561456  -0.445117
2.708391  4.559639
-4.149038  5.943824
3.405423  4.569028
2.330939  -1.696926
4.525802  3.101299
-3.307596  6.456571
0.466628  5.668493
-0.476963  -0.575747
-2.982887  6.003790
-4.057370  4.659100
3.400577  2.943627
1.674167  1.537402
4.724511  3.197674
3.342493  3.645191
-4.519367  6.619095
0.746047  -0.482994
-1.973653  6.592181
-1.928767  0.199230
1.886526  -0.617324
2.831051  2.785819
4.772308  3.795059
2.475192  5.084800
-1.136292  0.873284
3.994511  4.072449
-2.962896  5.182783
5.493679  5.521694
-0.383441  -2.597245
-1.959098  7.430066
4.459010  3.812122
5.556716  3.178393
4.028961  3.619375
4.421018  4.707792
-2.813771  5.517770
-2.034052  5.438469
3.647954  5.369523
-2.375810  0.214377
3.767113  3.654510
1.988306  3.884252
-2.620413  -0.859196
-4.443109  5.421047
-3.549793  7.353255
-3.494402  6.139868
-0.255777  0.188695
-0.341024  0.312007
-1.815787  -0.417090
0.405332  -1.193558
0.373053  -1.368149
0.374087  0.294341
0.312371  0.666276
0.330800  0.261361
0.004973  0.571540
5.490141  4.367064
-0.675074  5.578467
-2.966704  5.007254
-0.567548  -1.885538
0.242729  0.055110
-0.342015  -0.234054
-0.497148  6.619078
0.577348  2.038684
5.193192  5.031194
-0.831232  -1.175725
-3.437068  5.283391
-2.236821  0.064052
1.938512  3.506834
-0.897105  -0.203476
-3.437897  4.444046
-0.006831  0.276610
-1.490804  -0.313922
4.254559  4.316982
0.750638  -0.471782
-2.374707  5.612702
2.031977  3.850293
2.692810  3.136605
0.924014  0.268283
-1.778402  -1.224258
2.164631  -0.088422
2.329470  0.803179
0.165614  -0.332555
1.151375  5.458221
5.178992  4.974163
-3.469772  4.945477
-0.341024  0.312007
3.405355  5.601857
-1.515178  7.041210
4.393412  4.322016
-1.476811  3.608898
-1.180244  0.974168
5.751297  5.384227
1.310540  4.788930
-0.233305  -0.674322
-1.006043  -0.675119
0.353072  -0.732461
-4.016087  6.594724
-2.849046  4.682863
1.938512  3.506834
4.962983  4.274945
3.153886  4.147973
-3.216713  0.514139
3.070060  3.376002
3.070060  3.376002
1.006395  0.567137
-4.691211  3.577671
-4.317416  6.138820
-2.357348  7.040125
1.052101  0.067586
-5.169627  5.239356
-4.291007  6.498884
-1.369985  7.114185
2.796640  5.921396
-0.910595  0.400156
0.370229  0.108950
-4.297762  5.554180
2.699655  3.734757
3.102790  4.763685
-3.537074  6.515654
-3.176021  9.336012
4.615925  4.580426
2.976349  2.185267
-3.130096  5.923465
-1.339682  5.373370
-1.527623  5.156112
-2.036000  -0.208416
0.359355  -0.307509
5.000593  3.226429
-4.376479  6.386761
4.880094  4.417662
4.441715  3.968126
-2.347145  7.151284
-0.705416  4.318284
4.617451  5.497998
0.074362  -1.173447
2.733544  4.810400
5.805643  4.764000
-1.736226  1.784700
3.624960  4.952731
2.221640  2.806351
3.219127  5.105062
2.684527  1.202489
4.553361  3.877092
-2.625347  6.026977
-0.419693  -1.600224
-3.516511  4.310463
3.398097  5.137635
0.383816  1.290427
4.050141  5.511121
-1.923768  7.555723
-3.016396  4.819579
-5.138483  6.397026
-0.291481  -1.601402
1.473718  5.371985
4.611763  4.642124
-1.806956  6.892173
4.697468  4.636905
0.489122  -0.498874
-0.977822  5.984109
-1.228548  5.444335
5.742885  5.462065
1.265429  -0.156993
2.122334  -1.968866
-3.447584  6.444484
3.400577  2.943627
-2.373898  6.323266
4.649149  5.102579
-4.859827  5.894828
-3.536113  5.192909
1.118307  -1.342160
4.891431  4.807959
1.436417  -0.252443
0.717463  -0.337829
4.537354  4.742213
-1.393737  -1.411503
-0.719588  -1.554186
0.017956  -1.235177
-0.662744  0.750500
1.398861  0.228172
3.548775  4.192560
-2.659941  4.692592
4.408967  3.039781
-1.241297  6.849459
-4.079340  8.018667
3.785205  5.046880
-3.525222  7.188766
-2.486013  6.705881
-3.239235  7.249678
-0.321030  1.884375
-3.125690  7.289138
-3.178155  5.716181
-3.283259  4.621999
-2.443728  7.126501
-2.382442  5.951615
-1.099179  0.302362
4.022926  3.378116
1.814971  2.715745
5.694621  4.840306
-4.743375  6.893029
-3.162735  5.742266
1.919001  0.160387
0.827290  0.131264
1.213002  0.035787
-0.257125  1.756739
-3.054771  6.681472
0.018983  -0.004968
0.601858  0.445071
2.743956  3.182175
-1.653127  5.071779
-0.077322  0.709279
-1.630989  -0.870099
-0.278539  0.233247
-1.211999  7.156668
4.492611  3.129592
1.578852  1.792205
4.966568  3.143237
4.192292  4.899909
3.845123  4.958659
0.111421  0.962179
-1.162074  5.589558
1.986066  4.708999
-0.446760  0.006016
-3.345996  7.361448
-2.112497  4.885812
-2.218080  3.378654
2.060656  4.651644
-2.665187  5.579519
-2.797363  5.443319
-4.291007  6.498884
4.937812  3.907484
-1.890148  5.670437
-1.172833  1.267965
-0.859242  1.784064
-1.653127  5.071779
0.854808  0.942250
0.577348  2.038684
-0.845076  -1.749106
-2.610125  6.092799
-2.058556  5.179252
-2.105423  5.601971
3.698982  5.289174
4.498668  3.691834
2.976349  2.185267
3.522682  2.398954
-1.791421  5.082117
-2.838062  5.520519
2.648336  3.680312
-0.052586  0.197452
2.525632  1.313295
-1.806956  6.892173
5.218202  5.297267
-2.105423  5.601971
-2.383741  0.504179
5.620193  5.846852
-2.683856  6.924172
0.806619  -0.431026
1.869092  2.858895
0.996662  -0.234222
4.569334  3.039889
-2.895522  5.052868
2.329470  0.803179
-1.396851  -1.219678
-0.249442  -0.789225
2.193910  3.671601
-0.971656  -0.880279
-3.056930  5.837770
6.506281  3.339037
-1.143865  -1.333843
-2.913448  6.512943
2.890406  0.249866
0.100299  0.237830
-0.994282  6.632071
4.547052  4.773496
3.031437  4.345730
-4.339586  4.685521
5.064780  3.757821
4.891429  4.718203
-3.056930  5.837770
4.991562  4.388440
-4.862275  5.309248
2.094938  -0.270997
0.017956  -1.235177
0.944312  -3.776469
6.401007  3.417880
-0.617472  1.525182
3.192402  3.024787
-4.763675  8.544482
0.526922  -1.779976
2.971789  2.208466
2.279099  1.029441
-5.775503  5.806446
4.196327  2.241805
6.087204  5.521580
-0.043233  -2.038003
0.629580  2.815691
4.070658  1.985388
1.716203  -0.878857
3.631920  4.724059
5.413751  4.719063
5.667259  4.525668
0.344267  1.508128
0.188982  0.053477
-0.308124  0.673788
4.843615  3.761368
-3.037904  6.588670
4.070979  2.488609
0.931836  1.106950
-2.586888  6.103868
-2.222065  5.709490
-0.573300  0.650861
-3.789630  5.029357
0.968748  -0.836483
0.465348  0.510897
-2.277583  7.375624
-3.613828  0.346082
0.373053  -1.368149
-1.508718  -0.476970
2.111239  4.998083
-3.669095  5.680492
6.686875  4.943677
4.964905  2.231543
4.109359  4.992044
